windows: 2x3 (6 pts), 3x3 (9 pts), 2x4 (8 pts), 4x2 (8 pts), triangle (6 pts), hexagon (8 pts), rhombus (5 pts), segment (3 pts)
seed = 1, N = 84
[  0] p=3 m=3 dirs=[(1, 0), (1, -2), (1, 2)] kappa=[18, 18, 6] case=A d=[3, 3, 3] P=[86, 131, 112, 123, 93, 126, 74, 26] |S|+1=[7, 10, 9, 9, 7, 9, 6, 4] ok=True
[  1] p=5 m=2 dirs=[(2, 1), (1, 1)] kappa=[18, 18] case=A d=[3, 6] P=[74, 97, 104, 88, 78, 84, 56, 33] |S|+1=[7, 10, 9, 9, 7, 9, 6, 4] ok=True
[  2] p=3 m=3 dirs=[(1, -1), (1, 2), (2, -1)] kappa=[6, 18, 18] case=A d=[3, 6, 6] P=[100, 148, 141, 129, 95, 129, 73, 23] |S|+1=[7, 10, 9, 9, 7, 9, 6, 4] ok=True
[  3] p=3 m=3 dirs=[(1, -2), (1, 2), (2, -1)] kappa=[6, 12, 18] case=A d=[6, 6, 6] P=[192, 291, 284, 280, 202, 274, 146, 27] |S|+1=[7, 10, 9, 9, 7, 9, 6, 4] ok=True
[  4] p=3 m=2 dirs=[(1, -1), (2, -1)] kappa=[6, 18] case=A d=[6, 6] P=[103, 143, 140, 132, 91, 124, 82, 24] |S|+1=[7, 10, 9, 9, 7, 9, 6, 4] ok=True
[  5] p=2 m=2 dirs=[(1, -2), (1, 1)] kappa=[18, 6] case=A d=[3, 4] P=[31, 55, 51, 47, 35, 43, 21, 8] |S|+1=[7, 10, 9, 9, 7, 9, 6, 4] ok=True
[  6] p=5 m=3 dirs=[(1, 2), (2, -1), (1, -2)] kappa=[18, 18, 12] case=A d=[6, 6, 6] P=[240, 288, 289, 277, 235, 268, 214, 87] |S|+1=[7, 10, 9, 9, 7, 9, 6, 4] ok=True
[  7] p=5 m=3 dirs=[(2, 1), (0, 1), (1, 0)] kappa=[18, 18, 18] case=A d=[3, 3, 6] P=[139, 154, 172, 139, 149, 150, 128, 64] |S|+1=[7, 10, 9, 9, 7, 9, 6, 4] ok=True
[  8] p=2 m=2 dirs=[(0, 1), (1, -1)] kappa=[18, 18] case=A d=[3, 3] P=[38, 74, 61, 65, 35, 66, 24, 8] |S|+1=[7, 10, 9, 9, 7, 9, 6, 4] ok=True
[  9] p=5 m=3 dirs=[(1, 2), (1, 0), (2, -1)] kappa=[18, 6, 18] case=A d=[3, 3, 6] P=[176, 205, 228, 181, 168, 188, 158, 72] |S|+1=[7, 10, 9, 9, 7, 9, 6, 4] ok=True
[ 10] p=5 m=3 dirs=[(1, 2), (1, -1), (1, 0)] kappa=[2, 2, 4] case=A d=[2, 2, 2] P=[79, 93, 102, 81, 77, 86, 66, 36] |S|+1=[7, 10, 9, 9, 7, 9, 6, 4] ok=True
[ 11] p=3 m=2 dirs=[(1, -2), (1, -1)] kappa=[4, 2] case=A d=[2, 2] P=[59, 88, 84, 100, 54, 83, 52, 24] |S|+1=[7, 10, 9, 9, 7, 9, 6, 4] ok=True
[ 12] p=3 m=3 dirs=[(2, 1), (1, 0), (1, 1)] kappa=[4, 4, 4] case=A d=[2, 2, 2] P=[67, 91, 102, 75, 68, 83, 47, 19] |S|+1=[7, 10, 9, 9, 7, 9, 6, 4] ok=True
[ 13] p=2 m=2 dirs=[(1, -2), (0, 1)] kappa=[4, 2] case=A d=[2, 2] P=[26, 47, 30, 52, 32, 49, 25, 8] |S|+1=[7, 10, 9, 9, 7, 9, 6, 4] ok=True
[ 14] p=2 m=3 dirs=[(1, 1), (1, 2), (1, -2)] kappa=[4, 2, 4] case=A d=[2, 1, 2] P=[41, 82, 66, 81, 42, 72, 27, 8] |S|+1=[7, 10, 9, 9, 7, 9, 6, 4] ok=True
[ 15] p=2 m=3 dirs=[(0, 1), (1, 0), (1, -2)] kappa=[2, 4, 4] case=A d=[1, 2, 1] P=[35, 55, 48, 51, 37, 57, 26, 8] |S|+1=[7, 10, 9, 9, 7, 9, 6, 4] ok=True
[ 16] p=5 m=2 dirs=[(1, 0), (1, 2)] kappa=[4, 4] case=A d=[2, 2] P=[51, 64, 62, 63, 59, 64, 47, 34] |S|+1=[7, 10, 9, 9, 7, 9, 6, 4] ok=True
[ 17] p=3 m=2 dirs=[(1, 1), (1, 2)] kappa=[18, 12] case=A d=[3, 6] P=[93, 146, 125, 159, 114, 143, 76, 26] |S|+1=[7, 10, 9, 9, 7, 9, 6, 4] ok=True
[ 18] p=3 m=3 dirs=[(0, 1), (1, 0), (1, 1)] kappa=[2, 2, 4] case=A d=[2, 1, 2] P=[59, 74, 73, 71, 71, 76, 54, 26] |S|+1=[7, 10, 9, 9, 7, 9, 6, 4] ok=True
[ 19] p=5 m=3 dirs=[(2, -1), (1, -2), (0, 1)] kappa=[4, 2, 4] case=A d=[2, 1, 2] P=[90, 119, 104, 136, 92, 121, 90, 60] |S|+1=[7, 10, 9, 9, 7, 9, 6, 4] ok=True
[ 20] p=5 m=3 dirs=[(1, -1), (2, 1), (2, -1)] kappa=[2, 2, 2] case=A d=[2, 1, 1] P=[65, 90, 94, 79, 56, 72, 51, 31] |S|+1=[7, 10, 9, 9, 7, 9, 6, 4] ok=True
[ 21] p=5 m=2 dirs=[(1, -2), (2, 1)] kappa=[18, 18] case=A d=[6, 3] P=[125, 147, 147, 147, 124, 139, 117, 72] |S|+1=[7, 10, 9, 9, 7, 9, 6, 4] ok=True
[ 22] p=3 m=2 dirs=[(1, -1), (0, 1)] kappa=[2, 4] case=A d=[1, 2] P=[26, 40, 30, 48, 29, 38, 26, 20] |S|+1=[7, 10, 9, 9, 7, 9, 6, 4] ok=True
[ 23] p=5 m=3 dirs=[(0, 1), (1, -2), (1, 2)] kappa=[6, 18, 18] case=A d=[6, 6, 6] P=[186, 269, 214, 311, 220, 285, 197, 90] |S|+1=[7, 10, 9, 9, 7, 9, 6, 4] ok=True
[ 24] p=2 m=3 dirs=[(1, 1), (1, -1), (1, 2)] kappa=[4, 4, 4] case=A d=[2, 2, 2] P=[41, 77, 70, 71, 42, 57, 25, 8] |S|+1=[7, 10, 9, 9, 7, 9, 6, 4] ok=True
[ 25] p=5 m=3 dirs=[(2, -1), (1, 2), (0, 1)] kappa=[12, 6, 18] case=A d=[6, 6, 6] P=[180, 234, 211, 256, 190, 235, 172, 86] |S|+1=[7, 10, 9, 9, 7, 9, 6, 4] ok=True
[ 26] p=5 m=2 dirs=[(1, -2), (1, 0)] kappa=[4, 2] case=A d=[2, 2] P=[37, 45, 48, 40, 38, 44, 36, 19] |S|+1=[7, 10, 9, 9, 7, 9, 6, 4] ok=True
[ 27] p=2 m=3 dirs=[(1, 1), (1, -1), (1, 2)] kappa=[2, 2, 2] case=A d=[1, 1, 1] P=[41, 75, 66, 68, 42, 65, 26, 8] |S|+1=[7, 10, 9, 9, 7, 9, 6, 4] ok=True
[ 28] p=5 m=2 dirs=[(1, 0), (1, -2)] kappa=[1, 1] case=A d=[1, 1] P=[30, 37, 38, 34, 30, 36, 29, 21] |S|+1=[7, 10, 9, 9, 7, 9, 6, 4] ok=True
[ 29] p=5 m=3 dirs=[(1, -2), (1, 2), (0, 1)] kappa=[6, 12, 18] case=A d=[6, 6, 6] P=[225, 300, 254, 349, 274, 313, 226, 98] |S|+1=[7, 10, 9, 9, 7, 9, 6, 4] ok=True
[ 30] p=5 m=2 dirs=[(0, 1), (2, -1)] kappa=[4, 2] case=A d=[2, 2] P=[34, 44, 42, 44, 35, 44, 33, 20] |S|+1=[7, 10, 9, 9, 7, 9, 6, 4] ok=True
[ 31] p=2 m=3 dirs=[(1, 1), (1, -1), (1, 2)] kappa=[12, 18, 6] case=A d=[6, 6, 6] P=[59, 184, 145, 149, 61, 145, 32, 8] |S|+1=[7, 10, 9, 9, 7, 9, 6, 4] ok=True
[ 32] p=2 m=3 dirs=[(0, 1), (1, 1), (1, 0)] kappa=[12, 6, 18] case=A d=[2, 2, 6] P=[48, 99, 89, 87, 53, 91, 32, 8] |S|+1=[7, 10, 9, 9, 7, 9, 6, 4] ok=True
[ 33] p=2 m=3 dirs=[(1, -2), (1, 2), (1, 1)] kappa=[12, 18, 6] case=A d=[2, 6, 1] P=[42, 88, 76, 77, 45, 72, 26, 8] |S|+1=[7, 10, 9, 9, 7, 9, 6, 4] ok=True
[ 34] p=5 m=2 dirs=[(1, -2), (2, -1)] kappa=[2, 4] case=A d=[2, 2] P=[56, 74, 75, 71, 52, 67, 50, 28] |S|+1=[7, 10, 9, 9, 7, 9, 6, 4] ok=True
[ 35] p=2 m=3 dirs=[(0, 1), (1, 0), (2, -1)] kappa=[18, 18, 18] case=A d=[6, 6, 6] P=[64, 227, 184, 151, 63, 162, 32, 8] |S|+1=[7, 10, 9, 9, 7, 9, 6, 4] ok=True
[ 36] p=5 m=2 dirs=[(1, 0), (1, 2)] kappa=[12, 18] case=A d=[6, 6] P=[118, 150, 145, 153, 135, 144, 104, 43] |S|+1=[7, 10, 9, 9, 7, 9, 6, 4] ok=True
[ 37] p=5 m=2 dirs=[(1, 1), (1, 0)] kappa=[4, 2] case=A d=[2, 2] P=[32, 37, 45, 30, 37, 35, 30, 14] |S|+1=[7, 10, 9, 9, 7, 9, 6, 4] ok=True
[ 38] p=2 m=2 dirs=[(2, -1), (2, 1)] kappa=[18, 12] case=B d=[3, 6] P=[39, 78, 71, 58, 39, 69, 24, 8] |S|+1=[7, 10, 9, 9, 7, 9, 6, 4] ok=True | RZ=[0, 0, 0, 0, 0, 0, 0, 0] dimU=[7, 10, 9, 9, 7, 9, 6, 4] witnesses=192 Ae_err=8.6e-16
[ 39] p=3 m=3 dirs=[(1, 2), (1, -2), (2, 1)] kappa=[18, 6, 18] case=A d=[6, 6, 6] P=[191, 304, 277, 267, 204, 285, 138, 27] |S|+1=[7, 10, 9, 9, 7, 9, 6, 4] ok=True
[ 40] p=2 m=3 dirs=[(2, -1), (0, 1), (1, 2)] kappa=[18, 18, 12] case=A d=[3, 3, 6] P=[51, 127, 101, 84, 54, 95, 30, 8] |S|+1=[7, 10, 9, 9, 7, 9, 6, 4] ok=True
[ 41] p=5 m=2 dirs=[(2, 1), (2, -1)] kappa=[12, 18] case=A d=[6, 6] P=[133, 161, 166, 141, 132, 145, 114, 62] |S|+1=[7, 10, 9, 9, 7, 9, 6, 4] ok=True
[ 42] p=2 m=2 dirs=[(0, 1), (1, 2)] kappa=[18, 12] case=A d=[3, 2] P=[35, 66, 53, 71, 39, 59, 23, 8] |S|+1=[7, 10, 9, 9, 7, 9, 6, 4] ok=True
[ 43] p=3 m=3 dirs=[(1, 1), (2, -1), (1, 2)] kappa=[12, 18, 6] case=A d=[6, 6, 6] P=[204, 310, 300, 307, 232, 286, 147, 27] |S|+1=[7, 10, 9, 9, 7, 9, 6, 4] ok=True
[ 44] p=2 m=2 dirs=[(1, -1), (1, 0)] kappa=[12, 18] case=A d=[6, 3] P=[51, 89, 90, 76, 49, 85, 29, 8] |S|+1=[7, 10, 9, 9, 7, 9, 6, 4] ok=True
[ 45] p=5 m=2 dirs=[(0, 1), (1, -1)] kappa=[18, 12] case=A d=[6, 6] P=[99, 124, 113, 136, 94, 124, 97, 67] |S|+1=[7, 10, 9, 9, 7, 9, 6, 4] ok=True
[ 46] p=5 m=2 dirs=[(2, 1), (1, 1)] kappa=[2, 4] case=A d=[2, 2] P=[55, 72, 79, 65, 71, 56, 40, 28] |S|+1=[7, 10, 9, 9, 7, 9, 6, 4] ok=True
[ 47] p=2 m=3 dirs=[(1, 1), (2, -1), (0, 1)] kappa=[6, 12, 18] case=B d=[6, 3, 3] P=[41, 89, 78, 79, 44, 70, 23, 8] |S|+1=[7, 10, 9, 9, 7, 9, 6, 4] ok=True | RZ=[0, 0, 0, 0, 0, 0, 0, 0] dimU=[7, 10, 9, 9, 7, 9, 6, 4] witnesses=310 Ae_err=2.0e-15
[ 48] p=2 m=3 dirs=[(1, 1), (1, 2), (2, -1)] kappa=[6, 18, 18] case=A d=[6, 3, 6] P=[58, 169, 133, 134, 57, 123, 29, 8] |S|+1=[7, 10, 9, 9, 7, 9, 6, 4] ok=True
[ 49] p=3 m=2 dirs=[(1, 1), (0, 1)] kappa=[2, 4] case=A d=[2, 2] P=[48, 66, 54, 75, 56, 59, 39, 22] |S|+1=[7, 10, 9, 9, 7, 9, 6, 4] ok=True
[ 50] p=2 m=3 dirs=[(2, 1), (0, 1), (1, 1)] kappa=[4, 2, 2] case=A d=[2, 2, 2] P=[47, 88, 79, 82, 51, 80, 30, 8] |S|+1=[7, 10, 9, 9, 7, 9, 6, 4] ok=True
[ 51] p=5 m=2 dirs=[(1, -1), (1, -2)] kappa=[2, 4] case=A d=[2, 2] P=[68, 94, 85, 103, 59, 84, 59, 50] |S|+1=[7, 10, 9, 9, 7, 9, 6, 4] ok=True
[ 52] p=2 m=3 dirs=[(1, 1), (1, 2), (2, 1)] kappa=[2, 4, 4] case=A d=[1, 2, 2] P=[39, 84, 69, 72, 41, 66, 23, 8] |S|+1=[7, 10, 9, 9, 7, 9, 6, 4] ok=True
[ 53] p=2 m=2 dirs=[(2, 1), (1, 0)] kappa=[2, 4] case=A d=[1, 2] P=[41, 57, 69, 35, 33, 47, 24, 8] |S|+1=[7, 10, 9, 9, 7, 9, 6, 4] ok=True
[ 54] p=5 m=3 dirs=[(1, -2), (2, 1), (2, -1)] kappa=[4, 4, 2] case=A d=[2, 2, 2] P=[86, 109, 112, 101, 82, 100, 77, 42] |S|+1=[7, 10, 9, 9, 7, 9, 6, 4] ok=True
[ 55] p=3 m=3 dirs=[(1, 2), (1, 0), (1, -2)] kappa=[18, 18, 12] case=A d=[6, 6, 6] P=[130, 208, 179, 195, 127, 192, 100, 24] |S|+1=[7, 10, 9, 9, 7, 9, 6, 4] ok=True
[ 56] p=5 m=2 dirs=[(0, 1), (1, 0)] kappa=[6, 18] case=A d=[2, 3] P=[45, 54, 53, 50, 48, 57, 45, 32] |S|+1=[7, 10, 9, 9, 7, 9, 6, 4] ok=True
[ 57] p=5 m=3 dirs=[(2, -1), (1, 0), (1, 1)] kappa=[18, 18, 18] case=A d=[6, 3, 6] P=[211, 237, 266, 210, 214, 213, 181, 73] |S|+1=[7, 10, 9, 9, 7, 9, 6, 4] ok=True
[ 58] p=3 m=2 dirs=[(2, -1), (1, -1)] kappa=[2, 2] case=A d=[2, 2] P=[63, 82, 88, 75, 47, 66, 45, 24] |S|+1=[7, 10, 9, 9, 7, 9, 6, 4] ok=True
[ 59] p=3 m=3 dirs=[(1, 2), (1, 1), (2, 1)] kappa=[18, 12, 6] case=A d=[6, 6, 6] P=[180, 281, 249, 271, 212, 239, 131, 27] |S|+1=[7, 10, 9, 9, 7, 9, 6, 4] ok=True
[ 60] p=2 m=3 dirs=[(0, 1), (2, 1), (1, 2)] kappa=[12, 18, 18] case=A d=[6, 2, 6] P=[49, 143, 91, 137, 61, 134, 32, 8] |S|+1=[7, 10, 9, 9, 7, 9, 6, 4] ok=True
[ 61] p=5 m=2 dirs=[(2, -1), (1, 1)] kappa=[6, 18] case=A d=[3, 6] P=[103, 120, 125, 115, 108, 103, 87, 55] |S|+1=[7, 10, 9, 9, 7, 9, 6, 4] ok=True
[ 62] p=2 m=2 dirs=[(1, 0), (2, -1)] kappa=[2, 4] case=A d=[1, 2] P=[24, 32, 34, 20, 21, 28, 14, 8] |S|+1=[7, 10, 9, 9, 7, 9, 6, 4] ok=True
[ 63] p=2 m=2 dirs=[(1, -2), (2, -1)] kappa=[2, 2] case=A d=[1, 1] P=[22, 33, 32, 32, 21, 32, 19, 8] |S|+1=[7, 10, 9, 9, 7, 9, 6, 4] ok=True
[ 64] p=2 m=2 dirs=[(1, 1), (0, 1)] kappa=[2, 2] case=A d=[1, 1] P=[13, 24, 16, 30, 20, 25, 16, 8] |S|+1=[7, 10, 9, 9, 7, 9, 6, 4] ok=True
[ 65] p=2 m=2 dirs=[(1, 0), (1, -1)] kappa=[6, 18] case=A d=[1, 4] P=[37, 58, 60, 45, 39, 53, 25, 8] |S|+1=[7, 10, 9, 9, 7, 9, 6, 4] ok=True
[ 66] p=3 m=3 dirs=[(1, 1), (2, 1), (0, 1)] kappa=[18, 6, 6] case=A d=[3, 6, 6] P=[142, 200, 191, 179, 154, 208, 100, 24] |S|+1=[7, 10, 9, 9, 7, 9, 6, 4] ok=True
[ 67] p=3 m=3 dirs=[(1, -1), (1, 1), (1, -2)] kappa=[12, 12, 18] case=A d=[2, 2, 6] P=[122, 179, 157, 191, 126, 182, 107, 26] |S|+1=[7, 10, 9, 9, 7, 9, 6, 4] ok=True
[ 68] p=3 m=3 dirs=[(1, -2), (1, 0), (2, -1)] kappa=[18, 6, 6] case=A d=[3, 3, 6] P=[115, 144, 162, 126, 103, 135, 92, 25] |S|+1=[7, 10, 9, 9, 7, 9, 6, 4] ok=True
[ 69] p=2 m=3 dirs=[(1, 1), (2, 1), (2, -1)] kappa=[12, 18, 18] case=A d=[2, 3, 3] P=[48, 107, 85, 88, 51, 91, 31, 8] |S|+1=[7, 10, 9, 9, 7, 9, 6, 4] ok=True
[ 70] p=5 m=2 dirs=[(1, 1), (1, -1)] kappa=[18, 6] case=A d=[3, 3] P=[61, 75, 75, 75, 57, 61, 48, 34] |S|+1=[7, 10, 9, 9, 7, 9, 6, 4] ok=True
[ 71] p=3 m=3 dirs=[(0, 1), (1, 1), (1, -2)] kappa=[18, 12, 6] case=A d=[6, 6, 6] P=[171, 243, 216, 261, 189, 236, 134, 27] |S|+1=[7, 10, 9, 9, 7, 9, 6, 4] ok=True
[ 72] p=2 m=3 dirs=[(1, -2), (0, 1), (1, 2)] kappa=[18, 6, 12] case=A d=[6, 6, 2] P=[51, 142, 103, 129, 54, 121, 30, 8] |S|+1=[7, 10, 9, 9, 7, 9, 6, 4] ok=True
[ 73] p=3 m=3 dirs=[(1, 0), (0, 1), (1, 1)] kappa=[18, 6, 12] case=A d=[3, 2, 6] P=[125, 166, 156, 170, 147, 160, 109, 26] |S|+1=[7, 10, 9, 9, 7, 9, 6, 4] ok=True
[ 74] p=3 m=2 dirs=[(1, 1), (1, 0)] kappa=[18, 12] case=A d=[3, 2] P=[55, 65, 74, 53, 56, 62, 43, 20] |S|+1=[7, 10, 9, 9, 7, 9, 6, 4] ok=True
[ 75] p=2 m=2 dirs=[(0, 1), (1, 0)] kappa=[18, 18] case=B d=[3, 3] P=[41, 70, 52, 60, 43, 58, 24, 8] |S|+1=[7, 10, 9, 9, 7, 9, 6, 4] ok=True | RZ=[0, 0, 0, 0, 0, 0, 0, 0] dimU=[7, 10, 9, 9, 7, 9, 6, 4] witnesses=28 Ae_err=1.3e-15
[ 76] p=5 m=3 dirs=[(1, -1), (2, -1), (1, 1)] kappa=[12, 12, 18] case=A d=[6, 6, 6] P=[216, 268, 279, 253, 210, 238, 186, 92] |S|+1=[7, 10, 9, 9, 7, 9, 6, 4] ok=True
[ 77] p=2 m=3 dirs=[(1, -1), (1, 1), (1, 0)] kappa=[12, 6, 18] case=A d=[6, 3, 6] P=[46, 95, 84, 82, 47, 80, 29, 8] |S|+1=[7, 10, 9, 9, 7, 9, 6, 4] ok=True
[ 78] p=3 m=3 dirs=[(2, 1), (2, -1), (1, -1)] kappa=[18, 6, 6] case=A d=[3, 3, 6] P=[123, 176, 178, 155, 118, 154, 90, 27] |S|+1=[7, 10, 9, 9, 7, 9, 6, 4] ok=True
[ 79] p=5 m=2 dirs=[(1, 0), (1, -2)] kappa=[2, 4] case=A d=[2, 2] P=[53, 66, 65, 66, 53, 66, 53, 31] |S|+1=[7, 10, 9, 9, 7, 9, 6, 4] ok=True
[ 80] p=3 m=3 dirs=[(1, 0), (0, 1), (2, -1)] kappa=[6, 18, 6] case=A d=[1, 3, 2] P=[85, 103, 115, 87, 76, 94, 65, 20] |S|+1=[7, 10, 9, 9, 7, 9, 6, 4] ok=True
[ 81] p=5 m=3 dirs=[(1, -1), (1, -2), (0, 1)] kappa=[2, 4, 4] case=A d=[2, 2, 2] P=[91, 133, 111, 152, 92, 123, 86, 60] |S|+1=[7, 10, 9, 9, 7, 9, 6, 4] ok=True
[ 82] p=2 m=3 dirs=[(1, 2), (2, -1), (0, 1)] kappa=[12, 18, 6] case=A d=[3, 2, 3] P=[48, 119, 88, 97, 53, 110, 31, 8] |S|+1=[7, 10, 9, 9, 7, 9, 6, 4] ok=True
[ 83] p=5 m=2 dirs=[(2, 1), (1, -2)] kappa=[2, 4] case=A d=[1, 2] P=[40, 54, 50, 57, 40, 52, 39, 29] |S|+1=[7, 10, 9, 9, 7, 9, 6, 4] ok=True

Case A: 81   Case B: 3   failures: 0
Theorem T (P >= |S|+1) on every window of every configuration: True
pattern counts unchanged when the box radius is doubled (90 -> 180): True
Case B: values of d_i observed: [3, 6]
Case B: windows with R_Z(S) non-empty: 0
Case B: max |A e_theta| periodicity error: 1.998401444325282e-15
Case B: every configuration has a witness d: True
Case B: Lemma 4.2 (dim U_S >= |S|+1-|R_Z(S)|) on every window: True
